1 19.910333  
2 19.961651  
3 19.998397  
4 20.041446  
5 19.732431  
6 19.566739  
7 19.284361  
8 19.346369  
9 19.314455  
10 19.009013  
11 19.041817  
12 19.181770  
13 18.874983  
14 19.191798  
15 19.201007  
16 19.331737  
17 19.282012  
18 19.100105  
19 19.341581  
20 19.391478  
21 19.427603  
22 19.648812  
23 19.460261  
24 19.584001  
25 20.040872  
26 20.252460  
27 20.060537  
28 20.009276  
29 20.504000  
30 20.759420  
31 21.129228  
32 21.196788  
33 20.855319  
34 20.882992  
35 20.766074  
36 21.011024  
37 21.276324  
38 21.269177  
39 21.251916  
40 21.132227  
41 21.236744  
42 21.452628  
43 21.394382  
44 21.704046  
45 21.584853  
46 21.535902  
47 21.674489  
48 21.941170  
49 22.072926  
50 22.252024  
51 22.320489  
52 22.394496  
53 22.739454  
54 22.543900  
55 22.507767  
56 22.458641  
57 22.511879  
58 22.449757  
59 22.238117  
60 22.612142  
61 22.975169  
62 23.002731  
63 23.050299  
64 22.903108  
65 22.788444  
66 22.838696  
67 22.856154  
68 22.812970  
69 22.952983  
70 22.947643  
71 23.477227  
72 22.895062  
73 22.931714  
74 22.922958  
75 23.147289  
76 23.170177  
77 23.528553  
78 23.785845  
79 23.956422  
80 24.097853  
81 24.116426  
82 24.461818  
83 24.471461  
84 24.568066  
85 24.593589  
86 24.724840  
87 25.493205  
88 25.618411  
89 25.231275  
90 25.288736  
91 24.939947  
92 24.688764  
93 24.879586  
94 24.902560  
95 25.313788  
96 25.523230  
97 25.392559  
98 25.392814  
99 25.545803  
100 25.623469  
101 25.631172  
102 25.761337  
103 25.528485  
104 25.783150  
105 25.908981  
106 25.922016  
107 25.966089  
108 25.882517  
109 25.939500  
110 25.534213  
111 25.274742  
112 25.586276  
113 25.186523  
114 25.358271  
115 25.095950  
116 25.020838  
117 25.253147  
118 25.604111  
119 25.295355  
120 25.321220  
121 25.097460  
122 24.999633  
123 25.097909  
124 25.355265  
125 25.247626  
126 25.104966  
127 25.267272  
128 25.093254  
129 25.004502  
130 25.074116  
131 25.041267  
132 25.039830  
133 25.300245  
134 25.621715  
135 25.825135  
136 25.469524  
137 25.246149  
138 25.198404  
139 25.163176  
140 25.317875  
141 25.374632  
142 25.304256  
143 24.867818  
144 24.943423  
145 24.892853  
146 24.692179  
147 24.755999  
148 24.842247  
149 24.892572  
150 24.732960  
151 25.075919  
152 25.165806  
153 24.899399  
154 24.834606  
155 24.704034  
156 24.900258  
157 24.831060  
158 24.647244  
159 24.788819  
160 24.537645  
161 24.522469  
162 24.615432  
163 24.844873  
164 24.523471  
165 24.883185  
166 24.810567  
167 24.884441  
168 24.737008  
169 24.555005  
170 24.550102  
171 25.008072  
172 24.685098  
173 24.607024  
174 24.938246  
175 25.259827  
176 25.242896  
177 25.270431  
178 25.454633  
179 25.370806  
180 25.460324  
181 25.212404  
182 25.095114  
183 24.902002  
184 24.778189  
185 24.763826  
186 24.852422  
187 25.208816  
188 25.246639  
189 25.567254  
190 25.551001  
191 24.937490  
192 24.935791  
193 24.490952  
194 24.614996  
195 24.214102  
196 24.007167  
197 24.127081  
198 24.717197  
199 24.789031  
200 24.590226  
201 24.150628  
202 23.900076  
203 23.744379  
204 24.046976  
205 24.204158  
206 23.964677  
207 23.771651  
208 23.984765  
209 24.464809  
210 24.523540  
211 24.580543  
212 24.549698  
213 24.825202  
214 24.985263  
215 25.227474  
216 25.313992  
217 25.455808  
218 25.539646  
219 25.183434  
220 24.940248  
221 24.914921  
222 24.544049  
223 24.196319  
224 23.878969  
225 24.046199  
226 24.327291  
227 24.075155  
228 24.053708  
229 23.819424  
230 24.066328  
231 24.155811  
232 24.083673  
233 24.328492  
234 24.496810  
235 24.349247  
236 24.121464  
237 24.060760  
238 23.996648  
239 24.482385  
240 24.255311  
241 23.923908  
242 23.740586  
243 24.664970  
244 24.645537  
245 24.803359  
246 24.552249  
247 24.729200  
248 24.646259  
249 24.705430  
250 24.217435  
251 24.156793  
252 24.207109  
253 24.122191  
254 24.003470  
255 24.190816  
256 24.587110  
257 24.853168  
258 24.570571  
259 24.607974  
260 24.480480  
261 24.724593  
262 24.691529  
263 24.587499  
264 24.611224  
265 24.671835  
266 24.346630  
267 24.511961  
268 24.636230  
269 24.576834  
270 24.325162  
271 24.176705  
272 24.353857  
273 24.624035  
274 24.417561  
275 24.272888  
276 23.752260  
277 24.036502  
278 23.924981  
279 23.707223  
280 23.298762  
281 22.967818  
282 22.838295  
283 22.944161  
284 22.717158  
285 23.014965  
286 23.536188  
287 23.354830  
288 23.443761  
289 23.661873  
290 23.483064  
291 23.678546  
292 23.760887  
293 23.782244  
294 23.432215  
295 23.018005  
296 22.951251  
297 23.076689  
298 22.656212  
299 22.682141  
300 22.685781  
301 22.865167  
302 22.583202  
303 22.352313  
304 22.443439  
305 22.269919  
306 22.464478  
307 22.147614  
308 22.252271  
309 22.363777  
310 22.189737  
311 22.029377  
312 21.528564  
313 21.548001  
314 21.202899  
315 21.815009  
316 21.853226  
317 21.963848  
318 21.564393  
319 21.648520  
320 21.866347  
321 21.757120  
322 21.689500  
323 21.696269  
324 21.664746  
325 21.727053  
326 21.648026  
327 21.820226  
328 21.743928  
329 21.877638  
330 21.985111  
331 22.059318  
332 22.143760  
333 22.475349  
334 22.309905  
335 22.397688  
336 22.615406  
337 22.300909  
338 22.228915  
339 22.570545  
340 22.670939  
341 22.119889  
342 22.131532  
343 22.472822  
344 21.880601  
345 21.673020  
346 21.591500  
347 21.533621  
348 21.856070  
349 21.919300  
350 21.847103  
351 21.815938  
352 21.773212  
353 21.836949  
354 22.066659  
355 22.347032  
356 22.613238  
357 22.849427  
358 22.967205  
359 23.490724  
360 23.486489  
361 23.619387  
362 23.375048  
363 23.523725  
364 23.290235  
1 20.033449  
2 19.812554  
3 20.049782  
4 20.011993  
5 19.650854  
6 19.560626  
7 19.457998  
8 19.434482  
9 19.356975  
10 19.384962  
11 19.257007  
12 19.590208  
13 19.504283  
14 19.360125  
15 19.500084  
16 19.494270  
17 19.037008  
18 18.970655  
19 19.074760  
20 19.077268  
21 18.898676  
22 19.395040  
23 18.744573  
24 18.672036  
25 18.556236  
26 18.774543  
27 18.425977  
28 18.507222  
29 18.528237  
30 18.412792  
31 18.827927  
32 18.888031  
33 18.906297  
34 19.053837  
35 19.043418  
36 19.186339  
37 19.295499  
38 19.356760  
39 19.386021  
40 19.502491  
41 19.483420  
42 19.843914  
43 19.977641  
44 20.008322  
45 19.907401  
46 19.675903  
47 19.598355  
48 19.747746  
49 19.421673  
50 19.211615  
51 19.525476  
52 19.584704  
53 19.411171  
54 19.709114  
55 19.824552  
56 19.304281  
57 19.377177  
58 19.521249  
59 19.241967  
60 18.866248  
61 18.483068  
62 18.571488  
63 18.524766  
64 18.588365  
65 19.033538  
66 19.140517  
67 19.207752  
68 18.987434  
69 18.936905  
70 18.760736  
71 18.659460  
72 18.680572  
73 18.593074  
74 18.821185  
75 18.730651  
76 18.874896  
77 18.937459  
78 18.837359  
79 18.683861  
80 18.489091  
81 18.665867  
82 18.554609  
83 18.800265  
84 18.868381  
85 18.865026  
86 18.690651  
87 18.932815  
88 19.017272  
89 18.993843  
90 18.917295  
91 19.095907  
92 18.756668  
93 18.891867  
94 18.791055  
95 18.668120  
96 18.686218  
97 18.573921  
98 18.626435  
99 18.771178  
100 18.629235  
101 18.658276  
102 18.939907  
103 18.993961  
104 18.766512  
105 18.592361  
106 18.745843  
107 18.953500  
108 19.117908  
109 19.125009  
110 18.950515  
111 18.920167  
112 19.109619  
113 19.034007  
114 18.995732  
115 18.759335  
116 18.815825  
117 18.530766  
118 18.748950  
119 18.608221  
120 18.698116  
121 18.777513  
122 18.907768  
123 19.465569  
124 19.588679  
125 19.523443  
126 19.897324  
127 19.914322  
128 20.202150  
129 20.584875  
130 20.474085  
131 20.607449  
132 20.590940  
133 20.699558  
134 20.780113  
135 20.701541  
136 20.400800  
137 20.238788  
138 20.079166  
139 20.319669  
140 20.451132  
141 20.286936  
142 20.088387  
143 19.881968  
144 19.674781  
145 19.968423  
146 20.141599  
147 20.256035  
148 20.212070  
149 19.971525  
150 20.141999  
151 20.191224  
152 20.384330  
153 20.613982  
154 20.835401  
155 21.155699  
156 21.301580  
157 21.040354  
158 20.777942  
159 20.949867  
160 21.011964  
161 21.599562  
162 21.692572  
163 21.196899  
164 21.281936  
165 21.177045  
166 20.693526  
167 20.420896  
168 20.539020  
169 20.615005  
170 20.556107  
171 21.044913  
172 20.851928  
173 21.143662  
174 21.225271  
175 21.305470  
176 21.670575  
177 21.752678  
178 21.901271  
179 22.176098  
180 22.086362  
181 22.078179  
182 22.257905  
183 22.155370  
184 22.137280  
185 22.031562  
186 21.991785  
187 21.801007  
188 22.513333  
189 22.821039  
190 22.782677  
191 22.750884  
192 22.704049  
193 23.042772  
194 23.208798  
195 23.765443  
196 23.477488  
197 23.914923  
198 24.075906  
199 23.698686  
200 23.934850  
201 24.273399  
202 24.487860  
203 24.223451  
204 24.351542  
205 24.699045  
206 24.892989  
207 24.624457  
208 24.559589  
209 24.296721  
210 24.094690  
211 24.002004  
212 23.592785  
213 23.518088  
214 23.749938  
215 23.569490  
216 23.385152  
217 23.469229  
218 23.292723  
219 23.397469  
220 23.813252  
221 23.391239  
222 23.076300  
223 23.202647  
224 23.649885  
225 23.472537  
226 23.486827  
227 23.085446  
228 23.157102  
229 22.808249  
230 22.633437  
231 22.138670  
232 22.206210  
233 22.192113  
234 22.129289  
235 21.854394  
236 21.560028  
237 21.452625  
238 21.430325  
239 21.647896  
240 21.539325  
241 21.433461  
242 21.428528  
243 21.318250  
244 21.513926  
245 21.490226  
246 21.725890  
247 21.577855  
248 21.505582  
249 21.614788  
250 21.643752  
251 21.881879  
252 21.747624  
253 21.821910  
254 22.060970  
255 22.216265  
256 22.160014  
257 22.303036  
258 22.779127  
259 22.645816  
260 22.472293  
261 22.500680  
262 22.481722  
263 22.269503  
264 22.658519  
265 22.772114  
266 22.517010  
267 22.604723  
268 22.511170  
269 22.607170  
270 22.550041  
271 22.637296  
272 23.241153  
273 23.616238  
274 24.017345  
275 23.794214  
276 23.628511  
277 23.268968  
278 22.945580  
279 22.425737  
280 22.574908  
281 22.935258  
282 23.080303  
283 23.483677  
284 23.729119  
285 24.085691  
286 24.277262  
287 24.336827  
288 23.885274  
289 23.752835  
290 23.523459  
291 23.487084  
292 23.844699  
293 23.742259  
294 23.843630  
295 23.728315  
296 23.867546  
297 24.199101  
298 23.836844  
299 24.410531  
300 24.614871  
301 24.312895  
302 24.083222  
303 24.070082  
304 24.181609  
305 23.964255  
306 23.636785  
307 23.517939  
308 23.334633  
309 23.164653  
310 22.856326  
311 22.993535  
312 23.039333  
313 23.785563  
314 23.984568  
315 23.975729  
316 24.445487  
317 24.406961  
318 24.392947  
319 24.403623  
320 24.477673  
321 24.687285  
322 24.512644  
323 24.173828  
324 24.559092  
325 24.472341  
326 24.507656  
327 24.287182  
328 24.260329  
329 24.204124  
330 23.991436  
331 23.995767  
332 23.813370  
333 24.050270  
334 23.744291  
335 24.337495  
336 24.394667  
337 23.767147  
338 23.441102  
339 22.864674  
340 23.116754  
341 23.121736  
342 22.971093  
343 22.920345  
344 23.004658  
345 22.699369  
346 22.447822  
347 22.816794  
348 22.687058  
349 22.517672  
350 22.569793  
351 22.397008  
352 22.176832  
353 22.573263  
354 22.599947  
355 22.270776  
356 22.384681  
357 22.496479  
358 22.287015  
359 22.058071  
360 22.325676  
361 22.880158  
362 22.755036  
363 22.708578  
364 22.676689  
1 19.983383  
2 19.754273  
3 20.071669  
4 19.969224  
5 20.483769  
6 20.290978  
7 20.135323  
8 20.017335  
9 20.077719  
10 20.220031  
11 20.156092  
12 20.390868  
13 20.094320  
14 19.903691  
15 19.911639  
16 20.426106  
17 20.111232  
18 19.986168  
19 19.823637  
20 19.834965  
21 20.021150  
22 20.330794  
23 20.334994  
24 20.405236  
25 20.407714  
26 20.362801  
27 20.285551  
28 20.513501  
29 20.468065  
30 20.567659  
31 20.447162  
32 20.388808  
33 20.379388  
34 19.911351  
35 19.834284  
36 19.625592  
37 19.474172  
38 19.246661  
39 19.582943  
40 19.629743  
41 19.965992  
42 20.007157  
43 19.671085  
44 19.818694  
45 20.193219  
46 20.114535  
47 19.921275  
48 19.862224  
49 19.832358  
50 19.826867  
51 19.832751  
52 19.699484  
53 19.588855  
54 19.984599  
55 20.113743  
56 20.266128  
57 20.346233  
58 20.546221  
59 20.384826  
60 20.626476  
61 20.885967  
62 21.038916  
63 21.065729  
64 20.624228  
65 21.114372  
66 21.500736  
67 21.349630  
68 21.530247  
69 21.607337  
70 21.044812  
71 21.034223  
72 20.719802  
73 21.001865  
74 21.202820  
75 21.076914  
76 21.133275  
77 20.977929  
78 21.049215  
79 21.206071  
80 21.237811  
81 21.355069  
82 21.669102  
83 22.075209  
84 22.373026  
85 22.438105  
86 22.317503  
87 22.629077  
88 22.923517  
89 22.936840  
90 22.908689  
91 23.142929  
92 23.569968  
93 23.838540  
94 23.490135  
95 23.702661  
96 23.481165  
97 23.620117  
98 23.877330  
99 23.854438  
100 24.064622  
101 24.153947  
102 24.091312  
103 24.011035  
104 24.124921  
105 24.401529  
106 24.715723  
107 24.712231  
108 24.719902  
109 24.983025  
110 25.101556  
111 24.877620  
112 25.245611  
113 25.613783  
114 25.657597  
115 25.805250  
116 25.758890  
117 25.023322  
118 25.147700  
119 25.601135  
120 25.353791  
121 25.363331  
122 25.752499  
123 25.705002  
124 25.846653  
125 26.147431  
126 25.447299  
127 25.192083  
128 24.885244  
129 24.491895  
130 24.637467  
131 24.425700  
132 24.137038  
133 24.782073  
134 25.008465  
135 25.101025  
136 25.333701  
137 25.499418  
138 25.596822  
139 25.878266  
140 25.660625  
141 26.151164  
142 26.096866  
143 25.959742  
144 25.917811  
145 25.625699  
146 25.573904  
147 25.642914  
148 26.040377  
149 26.087427  
150 26.333344  
151 26.330985  
152 26.311506  
153 26.196293  
154 26.476783  
155 26.433031  
156 26.581041  
157 26.728207  
158 26.590119  
159 26.766391  
160 26.405781  
161 25.937221  
162 26.224609  
163 26.201397  
164 26.075168  
165 26.231976  
166 25.731897  
167 25.807864  
168 25.471479  
169 25.497696  
170 25.439356  
171 25.337096  
172 25.230492  
173 25.225055  
174 25.274670  
175 24.786134  
176 24.723003  
177 25.073411  
178 24.735145  
179 24.486017  
180 24.606737  
181 24.826653  
182 24.565261  
183 24.505721  
184 24.491760  
185 24.631709  
186 24.879742  
187 24.687712  
188 24.496496  
189 24.518277  
190 25.064578  
191 24.716610  
192 24.342739  
193 24.308835  
194 25.032441  
195 25.285552  
196 25.599097  
197 25.539063  
198 25.189991  
199 24.891621  
200 24.993601  
201 24.840010  
202 24.652272  
203 25.354549  
204 25.511943  
205 25.726849  
206 26.570369  
207 26.414713  
208 26.683805  
209 26.096571  
210 26.095184  
211 26.429298  
212 26.742265  
213 26.552112  
214 26.699208  
215 26.142676  
216 26.110981  
217 26.099585  
218 26.316485  
219 26.514663  
220 26.370073  
221 26.391854  
222 26.242199  
223 26.848419  
224 27.117817  
225 27.274570  
226 27.651951  
227 27.196593  
228 27.775535  
229 28.047549  
230 28.321642  
231 28.583602  
232 28.841471  
233 28.831288  
234 28.685088  
235 28.464900  
236 28.387174  
237 28.058083  
238 27.862376  
239 28.268157  
240 28.560291  
241 29.101068  
242 29.012345  
243 29.307339  
244 29.094364  
245 28.993237  
246 29.117453  
247 28.915454  
248 28.686984  
249 29.185360  
250 29.495331  
251 29.601973  
252 30.092105  
253 30.398368  
254 30.790548  
255 31.367792  
256 31.377845  
257 31.884377  
258 31.894340  
259 31.972733  
260 32.229522  
261 32.283626  
262 32.246861  
263 32.359352  
264 32.960127  
265 32.416770  
266 32.600937  
267 32.861066  
268 32.881642  
269 32.351855  
270 32.373575  
271 32.522538  
272 32.359179  
273 32.687280  
274 33.127212  
275 33.389959  
276 33.563821  
277 34.189052  
278 34.280720  
279 34.490462  
280 34.412349  
281 33.864418  
282 34.350592  
283 34.597393  
284 35.032747  
285 34.784435  
286 35.553024  
287 35.230589  
288 35.052819  
289 35.216522  
290 35.508646  
291 35.455753  
292 36.196319  
293 36.112270  
294 35.886196  
295 35.497647  
296 35.500672  
297 36.259471  
298 36.394409  
299 36.409975  
300 36.248782  
301 36.233339  
302 36.082721  
303 35.577028  
304 36.025967  
305 36.422119  
306 35.824246  
307 35.636276  
308 36.022221  
309 35.217693  
310 34.835457  
311 34.819369  
312 35.248279  
313 35.729572  
314 35.593195  
315 35.309891  
316 35.469230  
317 35.900233  
318 35.646969  
319 35.636322  
320 35.886200  
321 36.194032  
322 36.115905  
323 36.598362  
324 36.256894  
325 36.431164  
326 36.275585  
327 36.504827  
328 36.155418  
329 35.448544  
330 35.806913  
331 36.146926  
332 35.790246  
333 36.673278  
334 36.064885  
335 36.268361  
336 35.699087  
337 35.784382  
338 35.965140  
339 36.130891  
340 35.734784  
341 35.598799  
342 35.733340  
343 35.416040  
344 35.366730  
345 34.692424  
346 34.660273  
347 34.891488  
348 34.996903  
349 35.306547  
350 35.892219  
351 35.582182  
352 35.106097  
353 35.332390  
354 35.443519  
355 35.778921  
356 36.020551  
357 35.677456  
358 36.079681  
359 35.955610  
360 35.912132  
361 35.422660  
362 35.829656  
363 35.760507  
364 35.641612  
1 20.459400  
2 20.519870  
3 20.778903  
4 20.875708  
5 21.297587  
6 21.287455  
7 20.996903  
8 20.941490  
9 20.918563  
10 20.844667  
11 20.843033  
12 20.832087  
13 20.875967  
14 20.804042  
15 20.582656  
16 20.348510  
17 20.534012  
18 20.809189  
19 20.794658  
20 20.920909  
21 21.038930  
22 21.216503  
23 21.490505  
24 21.412773  
25 21.272563  
26 21.394868  
27 21.357576  
28 21.334666  
29 21.325484  
30 21.303900  
31 21.162351  
32 21.404213  
33 21.017112  
34 21.115838  
35 21.131094  
36 21.555986  
37 21.359487  
38 21.500324  
39 21.377560  
40 21.293995  
41 21.391119  
42 21.622080  
43 21.393480  
44 21.049379  
45 21.052456  
46 20.487847  
47 20.647786  
48 20.718530  
49 20.782951  
50 20.866681  
51 20.937096  
52 20.806026  
53 20.596849  
54 20.739232  
55 20.665042  
56 20.574155  
57 20.913901  
58 21.048573  
59 21.239160  
60 21.287746  
61 20.897209  
62 20.816328  
63 20.606809  
64 20.693945  
65 20.607964  
66 20.531948  
67 20.724869  
68 20.958165  
69 21.236226  
70 21.234664  
71 20.934359  
72 20.594596  
73 20.461909  
74 20.689469  
75 20.892066  
76 20.849776  
77 21.119226  
78 21.364410  
79 21.525865  
80 21.097051  
81 21.319152  
82 20.921875  
83 20.129781  
84 19.896192  
85 19.649360  
86 19.660166  
87 19.685991  
88 19.450722  
89 19.677984  
90 19.925299  
91 19.851645  
92 19.981235  
93 20.237368  
94 20.664825  
95 20.726351  
96 20.843222  
97 20.718552  
98 20.693971  
99 20.941699  
100 20.764554  
101 20.554036  
102 20.211503  
103 20.030270  
104 19.990486  
105 19.821670  
106 19.689993  
107 19.644255  
108 19.723676  
109 19.449438  
110 19.365128  
111 19.480437  
112 19.727843  
113 19.794936  
114 19.624968  
115 19.900499  
116 20.277518  
117 20.023921  
118 19.840415  
119 19.659106  
120 19.493449  
121 19.657895  
122 19.150866  
123 18.841770  
124 18.709134  
125 19.130764  
126 19.153424  
127 19.072305  
128 18.972007  
129 19.180796  
130 19.684247  
131 19.716775  
132 19.696052  
133 19.618832  
134 19.613194  
135 19.653004  
136 19.488755  
137 19.158410  
138 19.055266  
139 19.015657  
140 19.514057  
141 19.751661  
142 19.734098  
143 19.467353  
144 19.620990  
145 19.546468  
146 19.438966  
147 19.442953  
148 19.301754  
149 19.119676  
150 19.032394  
151 18.982536  
152 19.414490  
153 19.759633  
154 20.010425  
155 19.715282  
156 19.870804  
157 20.134074  
158 20.126450  
159 20.124098  
160 20.299062  
161 20.033715  
162 19.932338  
163 19.804202  
164 19.782451  
165 19.804235  
166 19.828384  
167 19.984985  
168 20.007982  
169 19.934080  
170 19.923131  
171 19.969783  
172 19.565421  
173 19.621775  
174 19.275962  
175 19.310627  
176 19.190325  
177 19.481925  
178 19.308093  
179 19.042623  
180 18.951256  
181 19.010929  
182 18.768850  
183 18.765600  
184 18.820586  
185 18.978918  
186 18.870328  
187 18.908945  
188 19.183750  
189 19.103233  
190 19.204910  
191 19.395387  
192 19.241683  
193 19.268454  
194 19.256459  
195 19.204799  
196 19.068595  
197 19.305530  
198 19.245988  
199 19.605942  
200 20.029056  
201 20.369735  
202 20.571630  
203 20.669800  
204 20.573328  
205 20.811723  
206 20.886105  
207 20.882410  
208 21.065074  
209 20.836697  
210 20.781556  
211 20.996730  
212 20.857948  
213 20.716796  
214 20.796707  
215 21.066351  
216 20.999624  
217 20.692401  
218 20.446722  
219 20.266474  
220 19.712437  
221 19.780156  
222 19.601953  
223 19.680286  
224 19.490320  
225 19.331561  
226 19.370491  
227 19.126455  
228 19.252509  
229 18.896642  
230 18.535025  
231 18.735767  
232 18.701458  
233 18.556777  
234 18.894662  
235 19.001578  
236 18.896089  
237 18.897068  
238 19.011270  
239 18.993225  
240 19.108167  
241 18.996020  
242 19.010301  
243 18.694725  
244 18.898630  
245 18.772495  
246 18.882313  
247 18.730586  
248 18.620121  
249 18.990865  
250 19.096775  
251 19.145448  
252 19.393625  
253 19.678264  
254 19.761952  
255 19.449838  
256 19.839491  
257 19.852553  
258 20.112819  
259 20.152162  
260 20.444704  
261 20.546052  
262 20.890158  
263 21.194914  
264 21.016226  
265 21.119236  
266 21.400906  
267 21.111552  
268 20.946973  
269 20.692745  
270 20.562636  
271 20.259828  
272 20.394465  
273 20.551298  
274 20.437734  
275 20.399047  
276 20.379969  
277 20.730672  
278 20.409699  
279 20.442934  
280 20.555533  
281 20.723424  
282 20.764868  
283 20.603664  
284 20.707033  
285 20.436246  
286 20.365435  
287 20.361813  
288 20.262197  
289 20.004897  
290 19.516197  
291 19.574595  
292 19.762188  
293 19.853141  
294 20.073346  
295 19.951755  
296 19.537730  
297 19.787940  
298 20.023333  
299 19.871366  
300 20.050117  
301 20.299301  
302 20.512132  
303 20.287982  
304 20.490732  
305 20.052497  
306 20.392759  
307 20.716921  
308 20.728910  
309 20.663660  
310 20.556603  
311 20.490310  
312 20.196770  
313 19.949586  
314 20.132780  
315 20.627480  
316 20.719067  
317 20.479974  
318 20.187894  
319 20.238692  
320 20.535250  
321 20.356108  
322 19.861288  
323 20.077080  
324 19.963086  
325 20.140447  
326 19.811254  
327 19.618855  
328 19.749525  
329 19.843433  
330 20.190818  
331 20.129927  
332 20.492608  
333 20.284640  
334 20.075561  
335 20.378588  
336 20.265479  
337 20.084850  
338 20.152977  
339 20.338161  
340 20.469479  
341 20.845607  
342 20.875888  
343 20.669188  
344 20.615971  
345 20.866395  
346 20.500580  
347 20.248453  
348 20.334413  
349 20.390318  
350 20.426927  
351 20.775642  
352 20.785435  
353 20.925113  
354 20.981188  
355 20.978467  
356 20.554871  
357 20.510209  
358 20.642281  
359 21.122593  
360 20.893592  
361 20.897476  
362 21.127482  
363 20.875247  
364 20.918670  
1 19.951486  
2 20.311536  
3 20.582866  
4 20.525061  
5 20.418706  
6 20.270674  
7 20.472790  
8 20.637043  
9 20.547731  
10 20.393177  
11 20.650255  
12 20.495044  
13 20.456189  
14 20.455606  
15 20.390161  
16 20.422570  
17 20.565657  
18 20.737299  
19 20.279002  
20 20.161686  
21 19.782951  
22 19.731681  
23 20.048192  
24 20.170195  
25 20.294569  
26 20.194173  
27 20.283605  
28 20.287892  
29 19.799456  
30 20.060901  
31 20.079586  
32 20.123917  
33 19.739377  
34 19.740868  
35 19.712651  
36 19.844286  
37 19.822935  
38 19.766860  
39 19.563346  
40 19.861190  
41 19.891097  
42 19.986693  
43 19.784372  
44 19.619604  
45 20.114300  
46 20.320977  
47 20.025353  
48 19.933000  
49 19.891865  
50 20.062910  
51 19.984479  
52 20.227759  
53 20.263470  
54 20.033433  
55 19.948488  
56 20.246805  
57 20.476785  
58 20.598556  
59 20.387458  
60 20.198627  
61 20.188877  
62 20.059049  
63 19.908593  
64 19.460466  
65 19.273348  
66 19.294683  
67 19.255590  
68 19.399140  
69 19.650368  
70 19.489385  
71 19.347636  
72 19.501286  
73 19.308667  
74 19.746681  
75 19.752192  
76 19.569097  
77 19.580452  
78 19.330438  
79 19.529626  
80 19.250134  
81 19.259250  
82 19.263094  
83 19.281405  
84 19.157165  
85 19.411144  
86 19.421131  
87 19.673326  
88 19.806348  
89 20.003746  
90 19.533099  
91 19.378779  
92 19.021114  
93 19.185155  
94 19.210831  
95 18.878804  
96 18.991123  
97 18.841387  
98 18.735399  
99 18.746035  
100 19.049067  
101 18.696898  
102 18.590083  
103 18.467013  
104 18.518067  
105 18.371127  
106 18.390345  
107 18.517215  
108 18.593906  
109 18.608208  
110 19.002084  
111 19.130197  
112 19.179191  
113 19.020225  
114 18.899057  
115 19.009460  
116 19.203872  
117 19.077336  
118 19.026453  
119 19.484955  
120 19.284845  
121 19.232093  
122 19.348812  
123 19.282836  
124 19.419125  
125 19.480923  
126 19.497920  
127 19.573355  
128 19.518796  
129 19.534593  
130 19.358479  
131 19.306321  
132 18.978550  
133 19.006580  
134 19.129785  
135 19.092109  
136 18.936499  
137 18.755599  
138 18.751230  
139 18.643259  
140 18.741431  
141 18.643510  
142 18.682588  
143 18.842867  
144 18.986765  
145 19.055517  
146 18.793942  
147 18.656547  
148 18.082789  
149 18.202460  
150 18.192619  
151 18.209919  
152 18.228409  
153 18.158188  
154 18.349222  
155 18.383239  
156 18.738416  
157 18.823550  
158 18.369421  
159 18.395358  
160 18.215590  
161 18.419199  
162 18.916208  
163 19.099652  
164 19.299872  
165 19.360227  
166 19.670583  
167 19.811006  
168 19.921148  
169 19.891329  
170 20.249052  
171 20.460563  
172 19.945550  
173 20.342349  
174 20.419382  
175 20.320290  
176 20.096431  
177 19.890936  
178 19.934039  
179 20.125864  
180 19.821332  
181 19.576200  
182 19.465001  
183 19.506814  
184 19.483023  
185 19.627926  
186 19.903922  
187 19.843766  
188 20.119832  
189 19.977113  
190 19.533973  
191 19.460407  
192 19.352722  
193 19.082040  
194 19.024156  
195 19.283989  
196 19.179659  
197 19.012198  
198 18.790618  
199 18.850368  
200 18.834150  
201 19.228432  
202 19.562598  
203 19.463764  
204 19.968926  
205 20.515001  
206 20.764221  
207 20.649898  
208 20.554639  
209 20.676332  
210 20.862046  
211 20.439589  
212 20.456165  
213 20.504542  
214 20.788544  
215 20.977323  
216 20.567862  
217 20.536651  
218 20.272575  
219 19.821021  
220 19.991204  
221 20.180709  
222 20.661187  
223 20.404700  
224 20.490650  
225 20.633949  
226 20.659935  
227 20.761804  
228 20.734901  
229 20.631290  
230 20.748803  
231 20.738107  
232 20.406743  
233 20.328207  
234 20.474315  
235 20.330132  
236 20.133927  
237 20.063076  
238 20.042982  
239 19.920275  
240 19.681757  
241 19.702129  
242 19.673429  
243 19.665303  
244 19.659507  
245 19.432841  
246 19.801370  
247 19.506765  
248 19.270358  
249 18.912348  
250 18.822567  
251 19.167970  
252 19.208819  
253 19.127433  
254 19.324419  
255 19.333943  
256 19.410910  
257 19.460737  
258 19.025726  
259 19.251098  
260 19.371383  
261 19.561520  
262 19.684346  
263 19.572872  
264 19.379014  
265 19.472718  
266 19.537072  
267 19.962040  
268 19.596798  
269 19.437971  
270 19.544676  
271 19.807278  
272 19.725590  
273 19.704507  
274 19.353004  
275 19.486508  
276 19.229832  
277 19.292657  
278 19.214953  
279 19.343003  
280 19.303660  
281 19.354449  
282 19.625018  
283 19.496345  
284 19.261604  
285 19.343220  
286 19.618016  
287 19.946686  
288 20.096252  
289 20.276711  
290 20.131660  
291 20.156429  
292 20.094493  
293 20.149352  
294 20.117170  
295 20.155490  
296 20.305323  
297 20.391856  
298 20.343038  
299 20.198351  
300 20.183175  
301 20.185539  
302 20.027735  
303 19.623462  
304 19.609582  
305 19.886006  
306 20.032299  
307 20.112640  
308 20.116569  
309 20.143516  
310 20.547443  
311 20.699503  
312 20.607518  
313 20.922091  
314 21.018064  
315 21.379198  
316 21.240935  
317 21.504733  
318 21.157810  
319 21.220905  
320 21.652894  
321 21.669999  
322 21.440590  
323 21.858055  
324 22.150756  
325 22.092182  
326 21.903538  
327 22.173272  
328 21.780319  
329 21.815218  
330 22.134964  
331 22.091555  
332 21.921432  
333 22.051787  
334 21.988037  
335 22.137064  
336 21.893752  
337 21.823944  
338 21.470912  
339 21.364838  
340 21.399426  
341 20.989379  
342 20.806943  
343 20.653974  
344 20.598598  
345 20.492303  
346 20.734155  
347 21.066428  
348 21.248403  
349 20.737705  
350 20.749155  
351 20.928363  
352 21.249969  
353 21.100203  
354 20.873544  
355 21.310809  
356 21.221884  
357 21.319579  
358 21.415472  
359 21.643677  
360 21.491630  
361 21.328948  
362 21.520259  
363 21.699090  
364 21.687349  
1 19.823267  
2 19.642696  
3 19.686865  
4 19.551635  
5 19.824303  
6 19.750678  
7 19.749030  
8 19.626669  
9 19.419797  
10 19.154270  
11 19.089558  
12 19.002676  
13 18.940259  
14 19.260816  
15 19.332293  
16 19.516701  
17 19.642262  
18 19.564005  
19 19.628618  
20 19.686373  
21 19.553089  
22 19.453086  
23 19.354323  
24 19.747155  
25 19.313062  
26 19.497912  
27 19.457774  
28 19.208742  
29 19.001286  
30 19.260727  
31 19.422386  
32 19.373837  
33 19.078604  
34 19.225604  
35 18.936088  
36 19.279019  
37 19.321123  
38 19.388782  
39 19.315623  
40 19.190673  
41 19.477093  
42 19.418157  
43 19.149414  
44 19.322965  
45 19.810723  
46 19.854205  
47 20.096761  
48 20.269441  
49 20.634958  
50 20.281194  
51 20.047590  
52 19.801419  
53 20.067500  
54 19.855127  
55 19.994374  
56 20.533837  
57 20.418765  
58 20.081651  
59 20.205728  
60 20.412168  
61 20.417229  
62 20.613242  
63 21.082741  
64 21.000298  
65 21.005199  
66 20.840052  
67 20.927513  
68 21.004844  
69 21.202887  
70 21.367540  
71 21.493137  
72 21.795944  
73 21.780684  
74 21.961646  
75 22.394444  
76 22.532970  
77 22.194558  
78 21.876601  
79 21.920956  
80 21.767354  
81 21.614170  
82 21.544645  
83 21.582142  
84 21.650849  
85 21.671116  
86 21.810256  
87 22.204412  
88 22.545732  
89 22.839026  
90 22.841639  
91 22.856388  
92 23.047948  
93 22.623144  
94 22.393792  
95 22.506617  
96 22.499955  
97 22.622893  
98 22.839218  
99 23.032552  
100 22.901178  
101 22.759863  
102 22.604381  
103 22.657290  
104 22.477003  
105 22.268105  
106 22.183031  
107 22.020847  
108 21.854333  
109 21.938298  
110 21.906200  
111 22.241865  
112 22.341577  
113 22.189269  
114 22.133127  
115 22.144028  
116 22.251342  
117 21.978793  
118 22.349091  
119 22.301943  
120 22.436958  
121 22.014664  
122 21.766757  
123 21.908052  
124 21.819308  
125 21.892680  
126 21.466078  
127 21.651198  
128 21.324119  
129 21.343847  
130 21.476180  
131 21.482523  
132 21.396873  
133 21.612561  
134 21.377330  
135 21.490552  
136 21.842039  
137 21.612940  
138 21.443045  
139 21.452801  
140 21.302552  
141 21.624061  
142 21.625089  
143 21.188838  
144 20.844963  
145 20.978774  
146 21.020956  
147 20.906914  
148 21.307223  
149 21.124957  
150 20.835695  
151 20.696667  
152 20.893435  
153 21.279428  
154 21.321475  
155 20.987963  
156 20.905385  
157 20.828394  
158 20.853099  
159 20.752439  
160 21.093319  
161 21.278028  
162 21.305799  
163 21.658194  
164 21.965305  
165 21.823643  
166 22.041065  
167 22.407378  
168 22.012752  
169 21.687420  
170 21.613734  
171 21.623084  
172 21.646385  
173 21.474412  
174 21.334848  
175 21.378228  
176 21.279778  
177 21.116887  
178 21.354027  
179 21.473969  
180 21.598279  
181 21.608789  
182 21.591181  
183 21.482290  
184 21.563647  
185 21.526017  
186 21.728466  
187 22.047522  
188 22.010920  
189 21.879058  
190 21.745603  
191 22.150466  
192 22.676772  
193 22.408283  
194 22.448030  
195 22.373913  
196 22.490395  
197 22.518300  
198 22.637891  
199 22.886306  
200 23.189175  
201 23.489041  
202 23.106628  
203 23.138280  
204 23.110248  
205 22.886230  
206 22.760449  
207 22.549334  
208 22.807392  
209 22.194831  
210 22.071528  
211 21.619471  
212 21.942270  
213 22.143151  
214 21.841786  
215 21.740130  
216 22.025902  
217 21.908905  
218 21.690480  
219 21.800563  
220 21.926303  
221 21.852093  
222 21.970873  
223 21.542304  
224 21.868082  
225 21.944751  
226 22.201789  
227 22.328832  
228 22.110491  
229 21.974052  
230 21.762133  
231 21.195573  
232 20.915590  
233 21.226002  
234 21.657779  
235 21.509208  
236 21.657557  
237 22.115491  
238 22.084651  
239 21.992292  
240 21.814667  
241 22.255871  
242 21.936195  
243 21.786425  
244 21.421116  
245 21.408835  
246 21.526954  
247 21.661057  
248 21.943495  
249 21.898840  
250 21.696978  
251 22.077554  
252 22.149405  
253 22.394743  
254 22.241390  
255 22.384999  
256 21.912868  
257 21.807912  
258 21.420668  
259 21.361267  
260 21.092601  
261 21.116046  
262 20.897213  
263 21.038958  
264 21.117825  
265 20.895582  
266 20.690278  
267 20.531383  
268 20.620882  
269 20.763901  
270 21.026453  
271 20.989066  
272 21.033243  
273 21.066794  
274 21.061237  
275 20.766535  
276 20.756673  
277 21.196597  
278 21.601494  
279 21.580128  
280 21.424382  
281 21.427327  
282 21.597120  
283 21.755399  
284 21.807574  
285 22.216143  
286 22.615332  
287 22.794190  
288 22.643408  
289 22.780268  
290 22.921678  
291 22.863344  
292 22.707546  
293 22.687410  
294 22.549919  
295 22.364965  
296 21.976290  
297 21.875448  
298 21.860169  
299 22.273940  
300 22.305550  
301 22.233541  
302 22.342661  
303 22.578238  
304 22.496456  
305 22.183299  
306 22.007140  
307 21.806649  
308 22.153068  
309 22.458755  
310 22.496195  
311 22.717968  
312 23.001389  
313 22.870703  
314 22.535939  
315 22.412589  
316 22.559451  
317 22.793717  
318 23.021144  
319 23.140870  
320 23.505604  
321 23.359560  
322 23.529113  
323 24.244402  
324 24.189327  
325 23.644767  
326 23.458268  
327 23.156627  
328 22.848869  
329 22.572377  
330 23.248858  
331 23.237058  
332 23.137544  
333 22.929150  
334 22.665528  
335 22.369449  
336 22.660876  
337 22.685181  
338 22.799770  
339 22.970481  
340 22.763603  
341 22.471755  
342 22.618271  
343 22.689105  
344 22.919695  
345 22.522146  
346 22.533596  
347 22.499190  
348 22.297028  
349 22.671270  
350 22.623942  
351 22.364723  
352 22.146433  
353 22.054818  
354 22.408152  
355 22.090560  
356 21.785260  
357 22.309232  
358 22.619239  
359 22.739727  
360 23.158206  
361 23.415614  
362 23.054830  
363 23.172041  
364 23.708599  
1 20.144334  
2 20.165833  
3 20.373725  
4 20.509494  
5 20.867677  
6 20.554934  
7 20.351545  
8 20.316007  
9 20.120508  
10 20.086624  
11 20.136779  
12 20.037604  
13 20.012266  
14 19.985213  
15 19.958242  
16 19.842157  
17 20.013171  
18 20.113596  
19 20.133306  
20 20.130902  
21 20.470353  
22 20.491249  
23 20.302075  
24 20.578753  
25 20.625405  
26 20.572292  
27 20.477298  
28 20.472707  
29 20.663755  
30 20.892243  
31 21.057697  
32 21.103609  
33 21.373255  
34 21.220779  
35 20.817403  
36 20.727735  
37 20.662453  
38 20.916279  
39 20.829050  
40 21.193583  
41 21.075246  
42 20.771724  
43 20.827868  
44 20.831109  
45 20.511757  
46 20.449692  
47 20.297235  
48 20.556543  
49 20.847953  
50 20.568858  
51 20.770779  
52 20.747940  
53 20.982568  
54 20.962516  
55 20.681418  
56 21.067711  
57 21.028041  
58 21.211711  
59 20.982428  
60 20.992816  
61 21.004535  
62 20.876855  
63 21.076827  
64 21.275385  
65 21.765957  
66 21.661552  
67 21.725811  
68 21.677853  
69 21.274853  
70 21.115315  
71 21.169333  
72 21.367455  
73 21.335801  
74 21.278542  
75 21.395166  
76 21.624207  
77 22.153578  
78 22.107841  
79 22.004020  
80 22.194088  
81 22.385072  
82 22.284685  
83 22.004006  
84 21.580193  
85 22.338339  
86 22.419803  
87 22.327491  
88 22.470140  
89 21.986777  
90 21.996081  
91 22.132941  
92 21.940305  
93 22.273496  
94 22.850831  
95 22.832671  
96 22.905322  
97 22.783816  
98 22.829729  
99 23.320540  
100 23.487299  
101 23.407833  
102 23.228277  
103 23.256983  
104 23.418802  
105 23.121017  
106 23.193107  
107 23.142650  
108 23.264163  
109 23.332355  
110 23.183181  
111 23.158433  
112 23.202545  
113 22.909427  
114 22.892418  
115 22.713520  
116 22.775186  
117 22.433186  
118 22.421454  
119 22.276046  
120 22.584332  
121 22.527083  
122 22.626016  
123 22.813019  
124 22.791206  
125 22.310732  
126 22.504253  
127 22.435258  
128 22.362738  
129 22.307204  
130 22.524804  
131 22.748627  
132 22.511097  
133 22.652505  
134 22.698707  
135 22.646063  
136 23.110984  
137 23.434214  
138 23.268131  
139 23.119108  
140 23.087762  
141 22.934311  
142 23.087072  
143 22.952295  
144 22.652743  
145 22.984602  
146 22.675273  
147 22.662231  
148 22.489886  
149 22.684575  
150 22.570925  
151 22.927890  
152 22.724181  
153 22.752449  
154 22.624364  
155 22.434333  
156 22.134750  
157 22.604797  
158 22.625240  
159 22.280101  
160 22.002145  
161 21.649184  
162 21.623289  
163 22.015868  
164 22.043957  
165 22.110608  
166 22.112295  
167 22.159573  
168 22.065461  
169 21.455035  
170 21.195919  
171 20.760290  
172 21.243529  
173 21.190600  
174 21.087733  
175 21.275261  
176 21.369810  
177 21.336714  
178 21.033098  
179 21.009810  
180 20.723807  
181 20.675115  
182 20.830671  
183 20.625429  
184 20.442192  
185 20.500757  
186 20.885991  
187 20.973995  
188 20.481964  
189 20.707130  
190 20.827214  
191 20.932601  
192 20.664681  
193 20.518931  
194 20.474426  
195 20.398095  
196 20.476447  
197 20.373754  
198 20.296008  
199 19.881444  
200 20.288917  
201 20.130875  
202 20.104074  
203 20.333780  
204 20.730574  
205 20.725119  
206 20.930218  
207 20.615602  
208 20.917150  
209 20.940376  
210 20.985820  
211 20.768610  
212 20.619372  
213 20.237022  
214 20.197531  
215 19.940514  
216 19.631030  
217 19.617619  
218 19.631854  
219 19.691219  
220 19.694046  
221 19.476287  
222 19.708176  
223 19.497437  
224 19.574960  
225 19.354510  
226 19.498010  
227 19.397678  
228 19.608407  
229 19.773452  
230 19.983746  
231 19.620763  
232 19.738167  
233 19.686885  
234 19.979766  
235 19.913095  
236 19.692283  
237 19.629844  
238 19.985015  
239 20.054915  
240 19.849738  
241 19.921459  
242 19.611193  
243 19.899324  
244 19.786922  
245 19.816868  
246 19.990236  
247 20.267761  
248 20.353575  
249 20.401864  
250 20.211174  
251 20.131805  
252 20.525931  
253 20.470875  
254 20.938361  
255 21.167691  
256 21.484591  
257 21.418973  
258 21.524064  
259 21.774545  
260 21.783291  
261 21.936983  
262 22.212968  
263 22.439135  
264 22.597579  
265 22.471531  
266 22.539621  
267 22.215086  
268 22.129039  
269 22.298933  
270 22.329245  
271 22.733091  
272 23.109214  
273 23.288431  
274 23.717605  
275 23.696613  
276 23.622585  
277 23.451785  
278 23.476647  
279 23.604295  
280 23.746706  
281 23.885071  
282 23.930817  
283 23.674665  
284 23.587510  
285 23.387210  
286 23.220146  
287 23.523348  
288 23.599981  
289 23.697578  
290 23.616893  
291 23.790493  
292 23.837293  
293 23.883375  
294 24.128144  
295 23.864873  
296 23.813914  
297 23.818270  
298 23.893779  
299 23.831823  
300 23.756596  
301 23.894352  
302 23.998720  
303 23.402034  
304 23.437611  
305 23.206947  
306 23.502565  
307 23.536966  
308 23.303374  
309 23.797757  
310 23.347164  
311 23.370458  
312 23.217971  
313 23.269748  
314 23.341521  
315 23.467476  
316 23.458974  
317 23.833918  
318 23.583256  
319 23.846941  
320 24.355831  
321 24.131750  
322 24.045059  
323 24.408643  
324 24.335344  
325 24.653623  
326 24.855478  
327 24.619996  
328 24.420221  
329 24.638326  
330 24.602564  
331 24.141001  
332 23.864470  
333 23.893861  
334 23.991103  
335 24.178855  
336 23.753422  
337 24.042739  
338 24.139106  
339 23.621110  
340 23.473027  
341 23.753609  
342 24.126364  
343 23.944652  
344 24.115880  
345 24.249809  
346 24.416961  
347 24.604818  
348 24.600969  
349 24.727427  
350 24.412529  
351 23.923156  
352 23.859989  
353 23.722513  
354 23.530142  
355 23.326668  
356 23.280942  
357 23.352903  
358 23.558041  
359 23.447385  
360 22.897809  
361 22.674053  
362 22.597692  
363 22.423209  
364 22.688997  
1 20.129412  
2 20.396665  
3 20.320629  
4 20.530102  
5 20.574704  
6 20.668929  
7 20.550220  
8 20.455720  
9 20.318199  
10 20.142280  
11 20.108379  
12 19.754445  
13 19.657939  
14 19.677818  
15 19.366101  
16 19.710922  
17 19.636112  
18 19.665332  
19 19.153335  
20 19.282719  
21 19.139786  
22 18.782692  
23 19.301509  
24 19.333098  
25 19.255437  
26 19.010890  
27 18.908937  
28 18.589776  
29 18.949486  
30 18.921420  
31 19.160016  
32 19.035317  
33 19.033369  
34 19.139566  
35 19.100463  
36 19.001004  
37 19.136916  
38 19.295123  
39 19.364416  
40 19.188876  
41 19.421967  
42 19.462932  
43 19.639056  
44 19.722435  
45 19.687656  
46 19.635059  
47 19.499601  
48 19.450076  
49 19.294529  
50 19.045458  
51 19.119190  
52 18.772220  
53 18.557134  
54 18.834332  
55 19.087554  
56 19.280899  
57 18.899621  
58 19.016536  
59 19.178684  
60 19.056469  
61 19.095527  
62 19.095112  
63 18.810487  
64 18.922239  
65 19.054457  
66 19.156401  
67 19.000095  
68 18.725693  
69 18.730260  
70 18.525788  
71 18.687020  
72 18.796818  
73 18.596870  
74 18.703209  
75 18.764447  
76 18.763667  
77 18.781167  
78 18.969613  
79 19.095344  
80 18.693525  
81 18.283593  
82 18.028574  
83 17.865069  
84 17.879113  
85 17.649411  
86 17.771227  
87 18.016521  
88 18.062140  
89 17.821663  
90 17.740229  
91 17.846553  
92 17.845397  
93 17.723204  
94 17.764259  
95 18.056681  
96 18.038305  
97 18.196028  
98 18.341449  
99 18.191149  
100 18.567653  
101 18.811171  
102 18.399655  
103 18.513724  
104 18.489209  
105 18.705695  
106 18.686693  
107 18.641065  
108 18.235525  
109 18.389184  
110 18.546654  
111 18.262894  
112 18.246330  
113 18.537128  
114 18.666837  
115 18.733117  
116 18.645795  
117 18.830795  
118 18.389310  
119 18.363209  
120 18.225569  
121 18.108722  
122 18.115226  
123 18.579350  
124 18.587526  
125 18.509472  
126 18.665641  
127 18.746451  
128 18.787398  
129 18.750171  
130 18.326201  
131 18.675540  
132 18.740541  
133 18.809888  
134 19.012552  
135 19.242546  
136 19.491842  
137 19.532981  
138 19.359278  
139 19.792980  
140 20.072099  
141 20.204216  
142 20.155027  
143 19.953279  
144 20.114957  
145 20.318240  
146 20.448067  
147 20.335460  
148 20.282070  
149 20.354789  
150 20.278131  
151 20.507830  
152 20.714722  
153 20.340241  
154 20.460520  
155 20.739360  
156 21.137112  
157 21.454718  
158 21.494181  
159 21.571893  
160 21.734610  
161 21.773861  
162 21.772088  
163 22.022002  
164 22.044934  
165 22.147104  
166 22.119428  
167 22.146992  
168 21.976024  
169 21.664059  
170 21.553174  
171 21.797448  
172 21.646122  
173 22.052629  
174 22.176164  
175 22.374175  
176 22.509100  
177 22.679428  
178 22.531877  
179 22.680129  
180 22.753807  
181 22.727953  
182 22.213022  
183 22.407993  
184 22.505458  
185 22.644370  
186 22.525585  
187 22.549553  
188 22.359520  
189 22.724065  
190 22.586288  
191 23.022987  
192 23.250669  
193 23.287206  
194 23.109751  
195 22.826739  
196 22.858209  
197 22.666914  
198 22.697027  
199 22.911598  
200 22.878623  
201 22.842024  
202 22.898029  
203 22.944432  
204 23.083612  
205 23.114670  
206 23.363950  
207 23.477664  
208 23.500744  
209 23.296122  
210 22.972478  
211 23.012708  
212 23.071478  
213 22.696718  
214 22.940260  
215 22.650338  
216 22.353405  
217 22.216075  
218 22.209306  
219 22.404196  
220 22.708880  
221 22.787884  
222 22.830118  
223 22.985661  
224 23.229270  
225 23.432882  
226 23.420535  
227 23.627937  
228 23.887839  
229 24.143335  
230 24.284231  
231 24.222238  
232 24.500950  
233 24.674944  
234 24.915610  
235 24.616558  
236 24.617990  
237 24.710032  
238 24.345139  
239 24.236409  
240 23.890480  
241 23.774400  
242 23.825991  
243 23.768445  
244 23.764211  
245 23.946409  
246 23.579198  
247 23.382382  
248 23.728329  
249 23.569355  
250 23.720970  
251 23.343581  
252 23.122440  
253 22.834991  
254 22.854465  
255 22.741200  
256 22.594736  
257 22.615777  
258 22.584440  
259 22.875640  
260 22.882566  
261 23.203884  
262 23.052669  
263 23.215258  
264 22.937265  
265 23.208850  
266 23.039848  
267 23.227774  
268 23.565655  
269 23.660466  
270 23.355690  
271 23.614635  
272 23.225688  
273 23.399782  
274 23.654373  
275 24.067283  
276 24.184425  
277 24.557326  
278 24.811337  
279 25.286203  
280 25.069754  
281 25.022417  
282 24.731040  
283 24.606006  
284 24.802009  
285 25.081037  
286 25.357726  
287 25.392327  
288 25.245628  
289 25.175815  
290 25.326426  
291 25.327511  
292 25.745453  
293 25.983037  
294 25.362472  
295 25.305032  
296 25.286593  
297 25.838621  
298 25.495771  
299 25.767591  
300 26.007744  
301 26.278539  
302 26.344021  
303 26.329509  
304 26.480370  
305 26.458673  
306 26.456442  
307 26.456291  
308 26.414793  
309 26.016010  
310 26.166644  
311 25.890562  
312 25.646564  
313 25.851609  
314 25.908557  
315 25.243379  
316 25.263782  
317 25.417350  
318 25.316092  
319 25.323467  
320 25.438146  
321 25.377540  
322 25.500286  
323 25.388147  
324 25.909628  
325 26.259925  
326 26.151139  
327 25.884107  
328 25.996584  
329 26.099167  
330 25.841831  
331 26.038855  
332 26.326187  
333 27.036112  
334 27.031674  
335 26.712812  
336 26.911103  
337 26.912944  
338 27.436848  
339 27.525414  
340 27.574340  
341 27.500618  
342 26.979391  
343 27.551714  
344 27.313119  
345 27.466864  
346 27.633670  
347 27.176289  
348 27.671703  
349 28.014818  
350 27.629211  
351 27.746638  
352 27.759592  
353 27.824845  
354 27.993747  
355 28.090398  
356 28.405424  
357 28.440343  
358 28.693746  
359 28.831195  
360 28.389133  
361 29.018212  
362 29.293477  
363 29.360722  
364 29.582695  
1 19.818862  
2 20.087369  
3 20.371548  
4 20.144527  
5 20.116964  
6 20.292030  
7 20.254900  
8 20.396473  
9 20.313853  
10 20.324248  
11 20.369905  
12 20.222443  
13 19.986276  
14 20.070396  
15 20.000845  
16 20.110213  
17 20.485176  
18 20.333121  
19 20.776381  
20 20.899902  
21 21.282317  
22 21.126226  
23 20.968369  
24 21.029672  
25 20.922884  
26 20.791422  
27 20.827280  
28 20.964664  
29 20.804535  
30 20.838657  
31 20.403054  
32 20.313632  
33 20.133194  
34 20.011099  
35 19.864538  
36 19.619246  
37 19.668199  
38 19.326352  
39 19.240375  
40 19.124886  
41 19.524594  
42 19.549093  
43 19.679053  
44 19.773230  
45 19.702272  
46 19.637795  
47 19.541899  
48 19.410815  
49 19.239503  
50 19.634462  
51 19.321976  
52 19.398448  
53 19.290865  
54 18.993546  
55 19.045250  
56 18.901577  
57 18.923458  
58 19.244044  
59 19.755351  
60 19.763565  
61 19.694843  
62 19.890455  
63 19.914464  
64 19.764228  
65 19.692364  
66 19.766970  
67 20.032553  
68 20.203713  
69 20.242342  
70 20.379589  
71 20.613592  
72 20.362177  
73 20.127558  
74 20.166904  
75 19.887435  
76 20.092031  
77 20.510476  
78 21.006319  
79 20.662165  
80 20.811312  
81 20.632863  
82 20.462406  
83 20.374814  
84 20.537602  
85 20.288121  
86 20.281999  
87 20.387247  
88 20.379961  
89 20.163319  
90 20.328869  
91 20.366024  
92 20.871343  
93 21.226358  
94 20.818259  
95 20.993771  
96 21.179480  
97 21.523850  
98 21.368755  
99 21.685809  
100 21.536376  
101 21.593042  
102 21.280620  
103 21.329697  
104 20.890621  
105 21.022531  
106 20.760787  
107 20.196619  
108 20.190098  
109 20.138670  
110 20.209866  
111 20.391463  
112 20.649752  
113 20.327257  
114 20.100851  
115 20.077748  
116 20.053365  
117 20.426244  
118 20.731382  
119 20.364085  
120 20.421442  
121 20.742259  
122 20.514507  
123 20.621600  
124 20.793765  
125 20.651436  
126 20.899843  
127 20.775033  
128 20.735417  
129 20.585128  
130 20.848328  
131 20.882243  
132 20.887905  
133 20.888889  
134 20.756411  
135 20.699928  
136 20.969364  
137 20.763672  
138 20.954059  
139 21.201989  
140 21.262131  
141 21.240441  
142 21.613735  
143 21.840156  
144 21.721698  
145 21.672650  
146 21.774096  
147 21.739132  
148 21.723267  
149 21.668097  
150 21.609684  
151 21.633032  
152 21.463651  
153 21.560040  
154 21.368521  
155 21.394071  
156 21.112063  
157 20.883230  
158 21.208552  
159 21.336756  
160 21.640842  
161 21.803139  
162 21.371462  
163 21.712739  
164 21.766552  
165 21.695688  
166 21.894662  
167 21.816248  
168 21.933104  
169 21.719521  
170 21.286403  
171 21.082086  
172 21.204150  
173 21.276242  
174 21.083916  
175 21.055584  
176 20.714181  
177 20.438899  
178 19.794997  
179 19.858406  
180 19.730935  
181 19.478440  
182 19.230221  
183 19.045154  
184 18.681716  
185 18.662068  
186 18.666285  
187 18.776981  
188 18.527144  
189 18.028418  
190 18.126425  
191 18.163093  
192 18.102077  
193 17.922727  
194 18.009596  
195 18.116234  
196 18.172834  
197 18.035048  
198 18.046365  
199 18.030187  
200 17.817777  
201 17.765448  
202 17.755318  
203 17.712735  
204 17.759553  
205 17.761223  
206 17.635872  
207 17.636381  
208 17.613482  
209 17.771565  
210 17.640606  
211 18.107442  
212 18.048159  
213 17.882352  
214 17.664559  
215 17.678335  
216 17.395354  
217 17.785686  
218 17.823952  
219 17.569889  
220 17.792043  
221 17.567066  
222 17.617906  
223 17.631085  
224 17.527421  
225 17.454869  
226 17.233558  
227 17.073038  
228 17.344858  
229 17.430752  
230 17.633055  
231 17.603263  
232 17.415339  
233 17.523437  
234 17.598066  
235 17.626605  
236 17.914082  
237 18.033246  
238 18.207592  
239 18.276170  
240 18.215259  
241 18.587764  
242 18.538537  
243 18.507865  
244 18.641717  
245 19.011600  
246 18.937663  
247 18.935858  
248 18.692426  
249 18.967043  
250 19.118614  
251 19.445128  
252 19.516047  
253 19.545531  
254 19.541387  
255 19.641317  
256 20.105844  
257 20.514935  
258 20.625426  
259 20.940198  
260 20.788018  
261 20.375232  
262 20.964119  
263 20.975086  
264 21.127690  
265 20.923590  
266 20.542188  
267 20.846091  
268 20.747327  
269 21.236222  
270 21.698856  
271 21.933008  
272 21.952165  
273 21.579001  
274 21.052643  
275 21.003427  
276 20.968665  
277 21.342255  
278 21.567937  
279 21.684831  
280 21.260299  
281 21.205048  
282 21.630828  
283 21.709834  
284 21.384854  
285 21.296787  
286 21.507223  
287 21.428002  
288 21.424846  
289 21.542241  
290 21.536639  
291 21.552171  
292 21.646125  
293 21.258020  
294 20.847646  
295 20.834254  
296 20.823269  
297 21.061135  
298 21.392536  
299 21.260445  
300 20.985162  
301 20.948538  
302 20.800350  
303 20.104854  
304 20.142388  
305 20.010315  
306 19.426367  
307 19.607348  
308 19.718184  
309 19.683441  
310 19.849873  
311 19.864541  
312 19.629519  
313 19.458032  
314 19.709941  
315 19.820670  
316 20.016756  
317 20.245937  
318 19.921624  
319 19.776536  
320 19.697596  
321 19.687441  
322 19.592420  
323 19.259763  
324 19.036563  
325 18.660782  
326 18.743114  
327 18.731617  
328 18.881870  
329 18.926075  
330 18.983343  
331 18.941163  
332 18.383802  
333 18.335487  
334 18.326336  
335 18.396213  
336 18.210110  
337 18.028808  
338 17.970357  
339 18.080598  
340 18.387194  
341 18.569527  
342 18.565914  
343 18.723180  
344 18.643057  
345 19.051959  
346 19.340009  
347 19.244287  
348 19.030568  
349 18.938066  
350 18.845635  
351 18.828237  
352 18.965851  
353 18.866536  
354 18.686473  
355 18.830543  
356 18.779581  
357 18.294594  
358 18.165094  
359 18.122673  
360 17.960984  
361 18.073289  
362 17.865065  
363 17.990439  
364 18.025986  
1 19.834629  
2 19.749499  
3 19.787383  
4 19.655607  
5 19.606245  
6 19.193832  
7 18.895693  
8 18.904077  
9 18.638238  
10 18.507280  
11 18.488474  
12 18.915987  
13 18.598913  
14 18.451633  
15 18.170557  
16 18.001615  
17 18.339366  
18 18.550302  
19 18.794115  
20 18.944462  
21 19.178660  
22 18.993278  
23 18.774368  
24 18.647270  
25 18.619004  
26 18.899626  
27 18.830522  
28 18.881153  
29 18.783016  
30 18.976268  
31 19.049825  
32 19.191904  
33 19.287436  
34 19.171357  
35 19.356259  
36 19.532319  
37 19.620235  
38 19.462342  
39 19.761835  
40 19.814209  
41 19.983089  
42 20.193425  
43 20.411975  
44 20.380503  
45 20.689802  
46 20.738469  
47 21.166062  
48 21.142731  
49 21.057314  
50 20.852764  
51 21.025045  
52 20.747371  
53 20.638354  
54 20.679396  
55 20.857756  
56 20.947712  
57 20.575449  
58 20.369554  
59 20.413743  
60 20.297005  
61 20.400084  
62 20.273063  
63 20.470940  
64 20.651844  
65 20.617229  
66 20.342907  
67 20.253986  
68 20.679702  
69 21.028006  
70 21.157302  
71 21.078034  
72 21.301886  
73 21.334518  
74 21.394033  
75 21.344471  
76 21.334734  
77 21.128195  
78 20.984544  
79 21.124916  
80 20.962745  
81 21.283910  
82 20.852590  
83 20.912631  
84 21.148515  
85 21.114814  
86 21.195259  
87 20.863741  
88 20.879208  
89 20.710076  
90 20.926168  
91 20.922686  
92 20.866793  
93 20.990062  
94 20.596942  
95 20.578596  
96 20.833385  
97 20.792479  
98 20.620032  
99 20.871956  
100 20.845140  
101 20.718087  
102 20.830503  
103 21.325517  
104 21.302146  
105 21.391189  
106 21.319840  
107 21.111400  
108 21.294167  
109 21.252606  
110 21.106715  
111 21.180449  
112 21.233200  
113 20.993212  
114 20.879849  
115 20.585732  
116 20.761305  
117 21.029676  
118 21.266439  
119 20.863804  
120 20.785087  
121 20.737086  
122 20.688006  
123 20.521738  
124 20.760994  
125 21.066108  
126 21.084944  
127 20.921094  
128 20.955704  
129 20.986313  
130 21.016262  
131 20.946817  
132 20.751328  
133 20.695953  
134 20.950952  
135 20.671991  
136 20.520609  
137 20.096946  
138 19.626405  
139 19.276375  
140 19.096633  
141 18.922938  
142 19.122678  
143 19.114755  
144 19.119041  
145 18.784614  
146 18.770041  
147 18.457029  
148 18.619275  
149 18.704802  
150 18.699764  
151 18.515908  
152 18.510295  
153 18.962263  
154 18.943819  
155 19.117225  
156 19.192251  
157 19.447792  
158 19.486947  
159 19.754682  
160 19.652886  
161 19.820945  
162 19.709597  
163 19.357692  
164 19.351970  
165 19.301056  
166 19.183555  
167 19.077737  
168 19.454031  
169 19.361576  
170 19.589882  
171 19.976235  
172 19.835274  
173 19.607228  
174 19.379778  
175 19.243163  
176 19.312516  
177 19.283179  
178 19.018954  
179 18.930356  
180 19.104413  
181 19.209005  
182 19.387397  
183 19.262685  
184 19.409037  
185 19.559775  
186 19.619768  
187 19.543255  
188 19.879196  
189 19.949029  
190 20.140712  
191 19.817210  
192 19.731847  
193 20.016046  
194 19.926763  
195 19.810669  
196 19.999694  
197 19.898136  
198 19.782826  
199 19.252691  
200 19.189499  
201 18.996537  
202 19.056420  
203 19.084846  
204 19.110209  
205 18.987036  
206 19.022016  
207 19.470336  
208 19.669674  
209 20.126883  
210 20.311903  
211 20.524508  
212 20.652429  
213 20.434923  
214 20.196051  
215 20.308518  
216 20.416961  
217 20.543548  
218 20.493924  
219 20.331118  
220 20.353063  
221 20.130817  
222 20.050923  
223 20.214563  
224 20.012851  
225 20.523105  
226 20.282291  
227 20.300183  
228 20.144526  
229 20.315855  
230 20.240849  
231 20.535897  
232 20.461311  
233 20.495350  
234 20.341296  
235 20.452899  
236 20.580813  
237 20.680389  
238 20.494985  
239 20.487638  
240 20.563148  
241 20.390729  
242 20.156244  
243 20.316766  
244 20.274304  
245 20.506027  
246 20.544611  
247 20.115333  
248 20.357999  
249 20.453133  
250 20.249471  
251 19.937762  
252 20.163962  
253 20.187840  
254 20.126780  
255 19.965479  
256 20.200772  
257 20.277015  
258 20.091477  
259 20.027655  
260 20.133973  
261 20.097375  
262 19.803853  
263 19.977276  
264 20.162538  
265 20.193882  
266 20.162666  
267 20.278258  
268 20.366216  
269 20.380431  
270 20.031224  
271 19.678547  
272 19.902091  
273 20.092627  
274 20.240351  
275 20.247578  
276 20.415178  
277 20.380628  
278 20.290289  
279 20.565381  
280 20.341875  
281 20.673660  
282 20.512948  
283 20.830185  
284 20.836821  
285 20.716771  
286 20.916288  
287 21.005740  
288 21.115629  
289 21.061863  
290 21.420461  
291 21.178446  
292 20.800765  
293 21.042234  
294 20.918250  
295 20.895363  
296 20.975386  
297 20.805281  
298 20.797656  
299 20.936898  
300 20.915079  
301 20.687774  
302 20.846548  
303 20.789197  
304 21.131525  
305 20.914809  
306 21.243989  
307 20.928140  
308 21.090717  
309 20.694404  
310 20.896137  
311 20.765251  
312 21.065267  
313 20.700629  
314 20.786442  
315 21.047214  
316 20.987957  
317 21.186436  
318 21.154852  
319 21.464509  
320 21.580879  
321 21.362650  
322 21.308826  
323 21.187158  
324 21.367917  
325 20.917201  
326 21.023155  
327 21.082083  
328 21.108023  
329 21.292571  
330 21.739017  
331 21.610320  
332 21.513383  
333 21.254257  
334 21.167058  
335 21.377886  
336 21.371636  
337 21.156877  
338 21.114516  
339 21.083290  
340 21.427491  
341 21.427749  
342 21.594457  
343 21.570285  
344 21.986284  
345 21.917858  
346 21.846801  
347 21.760729  
348 21.674820  
349 21.326615  
350 21.534869  
351 21.243271  
352 21.706049  
353 21.805809  
354 22.098398  
355 21.867769  
356 21.763980  
357 21.710316  
358 21.647942  
359 21.547096  
360 21.930155  
361 21.943476  
362 22.169655  
363 22.258256  
364 22.622205  
