Hamiltonian matrix before diagonalizing
/*--------------------------------------*/
-5.250000e+00  0.000000e+00  0.000000e+00  0.000000e+00  -0.000000e+00  0.000000e+00  1.221548e-251  1.221548e-251  -0.000000e+00  1.221548e-251  0.000000e+00  1.221548e-251  -0.000000e+00  1.221548e-251  1.221548e-251  0.000000e+00  -7.508387e-08  -4.495754e-05  -4.495754e-05  -4.495754e-05  -7.508387e-08  -4.495754e-05  4.495754e-05  4.495754e-05  -7.508387e-08  4.495754e-05  -4.495754e-05  4.495754e-05  -7.508387e-08  4.495754e-05  4.495754e-05  -4.495754e-05  
0.000000e+00  1.200000e+00  0.000000e+00  0.000000e+00  -0.000000e+00  -8.773020e-96  0.000000e+00  0.000000e+00  -1.221548e-251  6.834795e-96  0.000000e+00  1.560781e-95  -1.221548e-251  6.834795e-96  1.560781e-95  0.000000e+00  4.495754e-05  2.776815e-04  1.770219e-03  1.770219e-03  4.495754e-05  2.776815e-04  -1.770219e-03  -1.770219e-03  -4.495754e-05  2.776815e-04  -1.770219e-03  1.770219e-03  -4.495754e-05  2.776815e-04  1.770219e-03  -1.770219e-03  
0.000000e+00  0.000000e+00  1.200000e+00  0.000000e+00  -1.221548e-251  0.000000e+00  6.834795e-96  1.560781e-95  -0.000000e+00  0.000000e+00  -8.773020e-96  0.000000e+00  -1.221548e-251  1.560781e-95  6.834795e-96  0.000000e+00  4.495754e-05  1.770219e-03  2.776815e-04  1.770219e-03  -4.495754e-05  -1.770219e-03  2.776815e-04  1.770219e-03  4.495754e-05  -1.770219e-03  2.776815e-04  -1.770219e-03  -4.495754e-05  1.770219e-03  2.776815e-04  -1.770219e-03  
0.000000e+00  0.000000e+00  0.000000e+00  1.200000e+00  -1.221548e-251  0.000000e+00  1.560781e-95  6.834795e-96  -1.221548e-251  1.560781e-95  0.000000e+00  6.834795e-96  -0.000000e+00  0.000000e+00  0.000000e+00  -8.773020e-96  4.495754e-05  1.770219e-03  1.770219e-03  2.776815e-04  -4.495754e-05  -1.770219e-03  1.770219e-03  2.776815e-04  -4.495754e-05  1.770219e-03  -1.770219e-03  2.776815e-04  4.495754e-05  -1.770219e-03  -1.770219e-03  2.776815e-04  
-0.000000e+00  0.000000e+00  1.221548e-251  1.221548e-251  -5.250000e+00  0.000000e+00  0.000000e+00  0.000000e+00  -0.000000e+00  1.221548e-251  1.221548e-251  0.000000e+00  -0.000000e+00  1.221548e-251  0.000000e+00  1.221548e-251  -7.508387e-08  -4.495754e-05  4.495754e-05  4.495754e-05  -7.508387e-08  -4.495754e-05  -4.495754e-05  -4.495754e-05  -7.508387e-08  4.495754e-05  4.495754e-05  -4.495754e-05  -7.508387e-08  4.495754e-05  -4.495754e-05  4.495754e-05  
-0.000000e+00  -8.773020e-96  0.000000e+00  0.000000e+00  0.000000e+00  1.200000e+00  0.000000e+00  0.000000e+00  -1.221548e-251  6.834795e-96  1.560781e-95  0.000000e+00  -1.221548e-251  6.834795e-96  0.000000e+00  1.560781e-95  4.495754e-05  2.776815e-04  -1.770219e-03  -1.770219e-03  4.495754e-05  2.776815e-04  1.770219e-03  1.770219e-03  -4.495754e-05  2.776815e-04  1.770219e-03  -1.770219e-03  -4.495754e-05  2.776815e-04  -1.770219e-03  1.770219e-03  
-1.221548e-251  0.000000e+00  6.834795e-96  1.560781e-95  0.000000e+00  0.000000e+00  1.200000e+00  0.000000e+00  -1.221548e-251  1.560781e-95  6.834795e-96  0.000000e+00  -0.000000e+00  0.000000e+00  -8.773020e-96  0.000000e+00  -4.495754e-05  -1.770219e-03  2.776815e-04  1.770219e-03  4.495754e-05  1.770219e-03  2.776815e-04  1.770219e-03  -4.495754e-05  1.770219e-03  2.776815e-04  -1.770219e-03  4.495754e-05  -1.770219e-03  2.776815e-04  -1.770219e-03  
-1.221548e-251  0.000000e+00  1.560781e-95  6.834795e-96  0.000000e+00  0.000000e+00  0.000000e+00  1.200000e+00  -0.000000e+00  0.000000e+00  0.000000e+00  -8.773020e-96  -1.221548e-251  1.560781e-95  0.000000e+00  6.834795e-96  -4.495754e-05  -1.770219e-03  1.770219e-03  2.776815e-04  4.495754e-05  1.770219e-03  1.770219e-03  2.776815e-04  4.495754e-05  -1.770219e-03  -1.770219e-03  2.776815e-04  -4.495754e-05  1.770219e-03  -1.770219e-03  2.776815e-04  
-0.000000e+00  1.221548e-251  0.000000e+00  1.221548e-251  -0.000000e+00  1.221548e-251  1.221548e-251  0.000000e+00  -5.250000e+00  0.000000e+00  0.000000e+00  0.000000e+00  -0.000000e+00  0.000000e+00  1.221548e-251  1.221548e-251  -7.508387e-08  4.495754e-05  -4.495754e-05  4.495754e-05  -7.508387e-08  4.495754e-05  4.495754e-05  -4.495754e-05  -7.508387e-08  -4.495754e-05  -4.495754e-05  -4.495754e-05  -7.508387e-08  -4.495754e-05  4.495754e-05  4.495754e-05  
-1.221548e-251  6.834795e-96  0.000000e+00  1.560781e-95  -1.221548e-251  6.834795e-96  1.560781e-95  0.000000e+00  0.000000e+00  1.200000e+00  0.000000e+00  0.000000e+00  -0.000000e+00  -8.773020e-96  0.000000e+00  0.000000e+00  -4.495754e-05  2.776815e-04  -1.770219e-03  1.770219e-03  -4.495754e-05  2.776815e-04  1.770219e-03  -1.770219e-03  4.495754e-05  2.776815e-04  1.770219e-03  1.770219e-03  4.495754e-05  2.776815e-04  -1.770219e-03  -1.770219e-03  
-0.000000e+00  0.000000e+00  -8.773020e-96  0.000000e+00  -1.221548e-251  1.560781e-95  6.834795e-96  0.000000e+00  0.000000e+00  0.000000e+00  1.200000e+00  0.000000e+00  -1.221548e-251  0.000000e+00  6.834795e-96  1.560781e-95  4.495754e-05  -1.770219e-03  2.776815e-04  -1.770219e-03  -4.495754e-05  1.770219e-03  2.776815e-04  -1.770219e-03  4.495754e-05  1.770219e-03  2.776815e-04  1.770219e-03  -4.495754e-05  -1.770219e-03  2.776815e-04  1.770219e-03  
-1.221548e-251  1.560781e-95  0.000000e+00  6.834795e-96  -0.000000e+00  0.000000e+00  0.000000e+00  -8.773020e-96  0.000000e+00  0.000000e+00  0.000000e+00  1.200000e+00  -1.221548e-251  0.000000e+00  1.560781e-95  6.834795e-96  -4.495754e-05  1.770219e-03  -1.770219e-03  2.776815e-04  4.495754e-05  -1.770219e-03  -1.770219e-03  2.776815e-04  4.495754e-05  1.770219e-03  1.770219e-03  2.776815e-04  -4.495754e-05  -1.770219e-03  1.770219e-03  2.776815e-04  
-0.000000e+00  1.221548e-251  1.221548e-251  0.000000e+00  -0.000000e+00  1.221548e-251  0.000000e+00  1.221548e-251  -0.000000e+00  0.000000e+00  1.221548e-251  1.221548e-251  -5.250000e+00  0.000000e+00  0.000000e+00  0.000000e+00  -7.508387e-08  4.495754e-05  4.495754e-05  -4.495754e-05  -7.508387e-08  4.495754e-05  -4.495754e-05  4.495754e-05  -7.508387e-08  -4.495754e-05  4.495754e-05  4.495754e-05  -7.508387e-08  -4.495754e-05  -4.495754e-05  -4.495754e-05  
-1.221548e-251  6.834795e-96  1.560781e-95  0.000000e+00  -1.221548e-251  6.834795e-96  0.000000e+00  1.560781e-95  -0.000000e+00  -8.773020e-96  0.000000e+00  0.000000e+00  0.000000e+00  1.200000e+00  0.000000e+00  0.000000e+00  -4.495754e-05  2.776815e-04  1.770219e-03  -1.770219e-03  -4.495754e-05  2.776815e-04  -1.770219e-03  1.770219e-03  4.495754e-05  2.776815e-04  -1.770219e-03  -1.770219e-03  4.495754e-05  2.776815e-04  1.770219e-03  1.770219e-03  
-1.221548e-251  1.560781e-95  6.834795e-96  0.000000e+00  -0.000000e+00  0.000000e+00  -8.773020e-96  0.000000e+00  -1.221548e-251  0.000000e+00  6.834795e-96  1.560781e-95  0.000000e+00  0.000000e+00  1.200000e+00  0.000000e+00  -4.495754e-05  1.770219e-03  2.776815e-04  -1.770219e-03  4.495754e-05  -1.770219e-03  2.776815e-04  -1.770219e-03  -4.495754e-05  -1.770219e-03  2.776815e-04  1.770219e-03  4.495754e-05  1.770219e-03  2.776815e-04  1.770219e-03  
-0.000000e+00  0.000000e+00  0.000000e+00  -8.773020e-96  -1.221548e-251  1.560781e-95  0.000000e+00  6.834795e-96  -1.221548e-251  0.000000e+00  1.560781e-95  6.834795e-96  0.000000e+00  0.000000e+00  0.000000e+00  1.200000e+00  4.495754e-05  -1.770219e-03  -1.770219e-03  2.776815e-04  -4.495754e-05  1.770219e-03  -1.770219e-03  2.776815e-04  -4.495754e-05  -1.770219e-03  1.770219e-03  2.776815e-04  4.495754e-05  1.770219e-03  1.770219e-03  2.776815e-04  
-7.508387e-08  4.495754e-05  4.495754e-05  4.495754e-05  -7.508387e-08  4.495754e-05  -4.495754e-05  -4.495754e-05  -7.508387e-08  -4.495754e-05  4.495754e-05  -4.495754e-05  -7.508387e-08  -4.495754e-05  -4.495754e-05  4.495754e-05  -5.250000e+00  0.000000e+00  0.000000e+00  0.000000e+00  -0.000000e+00  0.000000e+00  -1.221548e-251  -1.221548e-251  -0.000000e+00  -1.221548e-251  0.000000e+00  -1.221548e-251  -0.000000e+00  -1.221548e-251  -1.221548e-251  0.000000e+00  
-4.495754e-05  2.776815e-04  1.770219e-03  1.770219e-03  -4.495754e-05  2.776815e-04  -1.770219e-03  -1.770219e-03  4.495754e-05  2.776815e-04  -1.770219e-03  1.770219e-03  4.495754e-05  2.776815e-04  1.770219e-03  -1.770219e-03  0.000000e+00  1.200000e+00  0.000000e+00  0.000000e+00  -0.000000e+00  -8.773020e-96  -0.000000e+00  -0.000000e+00  1.221548e-251  6.834795e-96  -0.000000e+00  1.560781e-95  1.221548e-251  6.834795e-96  1.560781e-95  -0.000000e+00  
-4.495754e-05  1.770219e-03  2.776815e-04  1.770219e-03  4.495754e-05  -1.770219e-03  2.776815e-04  1.770219e-03  -4.495754e-05  -1.770219e-03  2.776815e-04  -1.770219e-03  4.495754e-05  1.770219e-03  2.776815e-04  -1.770219e-03  0.000000e+00  0.000000e+00  1.200000e+00  0.000000e+00  1.221548e-251  -0.000000e+00  6.834795e-96  1.560781e-95  -0.000000e+00  -0.000000e+00  -8.773020e-96  -0.000000e+00  1.221548e-251  1.560781e-95  6.834795e-96  -0.000000e+00  
-4.495754e-05  1.770219e-03  1.770219e-03  2.776815e-04  4.495754e-05  -1.770219e-03  1.770219e-03  2.776815e-04  4.495754e-05  1.770219e-03  -1.770219e-03  2.776815e-04  -4.495754e-05  -1.770219e-03  -1.770219e-03  2.776815e-04  0.000000e+00  0.000000e+00  0.000000e+00  1.200000e+00  1.221548e-251  -0.000000e+00  1.560781e-95  6.834795e-96  1.221548e-251  1.560781e-95  -0.000000e+00  6.834795e-96  -0.000000e+00  -0.000000e+00  -0.000000e+00  -8.773020e-96  
-7.508387e-08  4.495754e-05  -4.495754e-05  -4.495754e-05  -7.508387e-08  4.495754e-05  4.495754e-05  4.495754e-05  -7.508387e-08  -4.495754e-05  -4.495754e-05  4.495754e-05  -7.508387e-08  -4.495754e-05  4.495754e-05  -4.495754e-05  -0.000000e+00  0.000000e+00  1.221548e-251  1.221548e-251  -5.250000e+00  0.000000e+00  0.000000e+00  0.000000e+00  -0.000000e+00  -1.221548e-251  1.221548e-251  0.000000e+00  -0.000000e+00  -1.221548e-251  0.000000e+00  1.221548e-251  
-4.495754e-05  2.776815e-04  -1.770219e-03  -1.770219e-03  -4.495754e-05  2.776815e-04  1.770219e-03  1.770219e-03  4.495754e-05  2.776815e-04  1.770219e-03  -1.770219e-03  4.495754e-05  2.776815e-04  -1.770219e-03  1.770219e-03  -0.000000e+00  -8.773020e-96  0.000000e+00  0.000000e+00  0.000000e+00  1.200000e+00  0.000000e+00  0.000000e+00  1.221548e-251  6.834795e-96  -1.560781e-95  -0.000000e+00  1.221548e-251  6.834795e-96  -0.000000e+00  -1.560781e-95  
4.495754e-05  -1.770219e-03  2.776815e-04  1.770219e-03  -4.495754e-05  1.770219e-03  2.776815e-04  1.770219e-03  4.495754e-05  1.770219e-03  2.776815e-04  -1.770219e-03  -4.495754e-05  -1.770219e-03  2.776815e-04  -1.770219e-03  -1.221548e-251  0.000000e+00  6.834795e-96  1.560781e-95  0.000000e+00  0.000000e+00  1.200000e+00  0.000000e+00  -1.221548e-251  -1.560781e-95  6.834795e-96  0.000000e+00  -0.000000e+00  -0.000000e+00  -8.773020e-96  0.000000e+00  
4.495754e-05  -1.770219e-03  1.770219e-03  2.776815e-04  -4.495754e-05  1.770219e-03  1.770219e-03  2.776815e-04  -4.495754e-05  -1.770219e-03  -1.770219e-03  2.776815e-04  4.495754e-05  1.770219e-03  -1.770219e-03  2.776815e-04  -1.221548e-251  0.000000e+00  1.560781e-95  6.834795e-96  0.000000e+00  0.000000e+00  0.000000e+00  1.200000e+00  -0.000000e+00  -0.000000e+00  0.000000e+00  -8.773020e-96  -1.221548e-251  -1.560781e-95  0.000000e+00  6.834795e-96  
-7.508387e-08  -4.495754e-05  4.495754e-05  -4.495754e-05  -7.508387e-08  -4.495754e-05  -4.495754e-05  4.495754e-05  -7.508387e-08  4.495754e-05  4.495754e-05  4.495754e-05  -7.508387e-08  4.495754e-05  -4.495754e-05  -4.495754e-05  -0.000000e+00  1.221548e-251  0.000000e+00  1.221548e-251  -0.000000e+00  1.221548e-251  -1.221548e-251  0.000000e+00  -5.250000e+00  0.000000e+00  0.000000e+00  0.000000e+00  -0.000000e+00  0.000000e+00  -1.221548e-251  1.221548e-251  
4.495754e-05  2.776815e-04  -1.770219e-03  1.770219e-03  4.495754e-05  2.776815e-04  1.770219e-03  -1.770219e-03  -4.495754e-05  2.776815e-04  1.770219e-03  1.770219e-03  -4.495754e-05  2.776815e-04  -1.770219e-03  -1.770219e-03  -1.221548e-251  6.834795e-96  0.000000e+00  1.560781e-95  -1.221548e-251  6.834795e-96  -1.560781e-95  0.000000e+00  0.000000e+00  1.200000e+00  0.000000e+00  0.000000e+00  -0.000000e+00  -8.773020e-96  -0.000000e+00  0.000000e+00  
-4.495754e-05  -1.770219e-03  2.776815e-04  -1.770219e-03  4.495754e-05  1.770219e-03  2.776815e-04  -1.770219e-03  -4.495754e-05  1.770219e-03  2.776815e-04  1.770219e-03  4.495754e-05  -1.770219e-03  2.776815e-04  1.770219e-03  -0.000000e+00  0.000000e+00  -8.773020e-96  0.000000e+00  1.221548e-251  -1.560781e-95  6.834795e-96  -0.000000e+00  0.000000e+00  0.000000e+00  1.200000e+00  0.000000e+00  1.221548e-251  -0.000000e+00  6.834795e-96  -1.560781e-95  
4.495754e-05  1.770219e-03  -1.770219e-03  2.776815e-04  -4.495754e-05  -1.770219e-03  -1.770219e-03  2.776815e-04  -4.495754e-05  1.770219e-03  1.770219e-03  2.776815e-04  4.495754e-05  -1.770219e-03  1.770219e-03  2.776815e-04  -1.221548e-251  1.560781e-95  0.000000e+00  6.834795e-96  -0.000000e+00  0.000000e+00  -0.000000e+00  -8.773020e-96  0.000000e+00  0.000000e+00  0.000000e+00  1.200000e+00  -1.221548e-251  0.000000e+00  -1.560781e-95  6.834795e-96  
-7.508387e-08  -4.495754e-05  -4.495754e-05  4.495754e-05  -7.508387e-08  -4.495754e-05  4.495754e-05  -4.495754e-05  -7.508387e-08  4.495754e-05  -4.495754e-05  -4.495754e-05  -7.508387e-08  4.495754e-05  4.495754e-05  4.495754e-05  -0.000000e+00  1.221548e-251  1.221548e-251  0.000000e+00  -0.000000e+00  1.221548e-251  0.000000e+00  -1.221548e-251  -0.000000e+00  0.000000e+00  1.221548e-251  -1.221548e-251  -5.250000e+00  0.000000e+00  0.000000e+00  0.000000e+00  
4.495754e-05  2.776815e-04  1.770219e-03  -1.770219e-03  4.495754e-05  2.776815e-04  -1.770219e-03  1.770219e-03  -4.495754e-05  2.776815e-04  -1.770219e-03  -1.770219e-03  -4.495754e-05  2.776815e-04  1.770219e-03  1.770219e-03  -1.221548e-251  6.834795e-96  1.560781e-95  0.000000e+00  -1.221548e-251  6.834795e-96  0.000000e+00  -1.560781e-95  -0.000000e+00  -8.773020e-96  0.000000e+00  -0.000000e+00  0.000000e+00  1.200000e+00  0.000000e+00  0.000000e+00  
4.495754e-05  1.770219e-03  2.776815e-04  -1.770219e-03  -4.495754e-05  -1.770219e-03  2.776815e-04  -1.770219e-03  4.495754e-05  -1.770219e-03  2.776815e-04  1.770219e-03  -4.495754e-05  1.770219e-03  2.776815e-04  1.770219e-03  -1.221548e-251  1.560781e-95  6.834795e-96  0.000000e+00  -0.000000e+00  0.000000e+00  -8.773020e-96  -0.000000e+00  -1.221548e-251  0.000000e+00  6.834795e-96  -1.560781e-95  0.000000e+00  0.000000e+00  1.200000e+00  0.000000e+00  
-4.495754e-05  -1.770219e-03  -1.770219e-03  2.776815e-04  4.495754e-05  1.770219e-03  -1.770219e-03  2.776815e-04  4.495754e-05  -1.770219e-03  1.770219e-03  2.776815e-04  -4.495754e-05  1.770219e-03  1.770219e-03  2.776815e-04  -0.000000e+00  0.000000e+00  0.000000e+00  -8.773020e-96  1.221548e-251  -1.560781e-95  -0.000000e+00  6.834795e-96  1.221548e-251  -0.000000e+00  -1.560781e-95  6.834795e-96  0.000000e+00  0.000000e+00  0.000000e+00  1.200000e+00  
